0 0
1 1
2 1
3 3
4 1
5 5
6 5
7 7
8 1
9 9
10 9
11 7
12 9
13 7
14 7
15 15
16 1
17 17
18 17
19 21
20 17
21 21
22 21
23 27
24 17
25 21
26 21
27 27
28 21
29 27
30 27
31 31
32 1
33 33
34 33
35 21
36 33
37 21
38 21
39 51
40 33
41 21
42 21
43 51
44 21
45 51
46 51
47 31
48 33
49 21
50 21
51 51
52 21
53 51
54 51
55 31
56 21
57 51
58 51
59 31
60 51
61 31
62 31
63 63
64 1
65 65
66 65
67 73
68 65
69 73
70 73
71 99
72 65
73 73
74 73
75 99
76 73
77 99
78 99
79 107
80 65
81 73
82 73
83 99
84 73
85 99
86 99
87 107
88 73
89 99
90 99
91 107
92 99
93 107
94 107
95 119
96 65
97 73
98 73
99 99
100 73
101 99
102 99
103 107
104 73
105 99
106 99
107 107
108 99
109 107
110 107
111 119
112 73
113 99
114 99
115 107
116 99
117 107
118 107
119 119
120 99
121 107
122 107
123 119
124 107
125 119
126 119
127 127
128 1
129 129
130 129
131 73
132 129
133 73
134 73
135 195
136 129
137 73
138 73
139 195
140 73
141 195
142 195
143 107
144 129
145 73
146 73
147 195
148 73
149 195
150 195
151 107
152 73
153 195
154 195
155 107
156 195
157 107
158 107
159 231
160 129
161 73
162 73
163 195
164 73
165 195
166 195
167 107
168 73
169 195
170 195
171 107
172 195
173 107
174 107
175 231
176 73
177 195
178 195
179 107
180 195
181 107
182 107
183 231
184 195
185 107
186 107
187 231
188 107
189 231
190 231
191 127
192 129
193 73
194 73
195 195
196 73
197 195
198 195
199 107
200 73
201 195
202 195
203 107
204 195
205 107
206 107
207 231
208 73
209 195
210 195
211 107
212 195
213 107
214 107
215 231
216 195
217 107
218 107
219 231
220 107
221 231
222 231
223 127
224 73
225 195
226 195
227 107
228 195
229 107
230 107
231 231
232 195
233 107
234 107
235 231
236 107
237 231
238 231
239 127
240 195
241 107
242 107
243 231
244 107
245 231
246 231
247 127
248 107
249 231
250 231
251 127
252 231
253 127
254 127
255 255
256 1
257 257
258 257
259 273
260 257
261 273
262 273
263 387
264 257
265 273
266 273
267 387
268 273
269 387
270 387
271 403
272 257
273 273
274 273
275 387
276 273
277 387
278 387
279 403
280 273
281 387
282 387
283 403
284 387
285 403
286 403
287 455
288 257
289 273
290 273
291 387
292 273
293 387
294 387
295 403
296 273
297 387
298 387
299 403
300 387
301 403
302 403
303 455
304 273
305 387
306 387
307 403
308 387
309 403
310 403
311 455
312 387
313 403
314 403
315 455
316 403
317 455
318 455
319 471
320 257
321 273
322 273
323 387
324 273
325 387
326 387
327 403
328 273
329 387
330 387
331 403
332 387
333 403
334 403
335 455
336 273
337 387
338 387
339 403
340 387
341 403
342 403
343 455
344 387
345 403
346 403
347 455
348 403
349 455
350 455
351 471
352 273
353 387
354 387
355 403
356 387
357 403
358 403
359 455
360 387
361 403
362 403
363 455
364 403
365 455
366 455
367 471
368 387
369 403
370 403
371 455
372 403
373 455
374 455
375 471
376 403
377 455
378 455
379 471
380 455
381 471
382 471
383 495
384 257
385 273
386 273
387 387
388 273
389 387
390 387
391 403
392 273
393 387
394 387
395 403
396 387
397 403
398 403
399 455
400 273
401 387
402 387
403 403
404 387
405 403
406 403
407 455
408 387
409 403
410 403
411 455
412 403
413 455
414 455
415 471
416 273
417 387
418 387
419 403
420 387
421 403
422 403
423 455
424 387
425 403
426 403
427 455
428 403
429 455
430 455
431 471
432 387
433 403
434 403
435 455
436 403
437 455
438 455
439 471
440 403
441 455
442 455
443 471
444 455
445 471
446 471
447 495
448 273
449 387
450 387
451 403
452 387
453 403
454 403
455 455
456 387
457 403
458 403
459 455
460 403
461 455
462 455
463 471
464 387
465 403
466 403
467 455
468 403
469 455
470 455
471 471
472 403
473 455
474 455
475 471
476 455
477 471
478 471
479 495
480 387
481 403
482 403
483 455
484 403
485 455
486 455
487 471
488 403
489 455
490 455
491 471
492 455
493 471
494 471
495 495
496 403
497 455
498 455
499 471
500 455
501 471
502 471
503 495
504 455
505 471
506 471
507 495
508 471
509 495
510 495
511 511
512 1
513 513
514 513
515 273
516 513
517 273
518 273
519 771
520 513
521 273
522 273
523 771
524 273
525 771
526 771
527 403
528 513
529 273
530 273
531 771
532 273
533 771
534 771
535 403
536 273
537 771
538 771
539 403
540 771
541 403
542 403
543 903
544 513
545 273
546 273
547 771
548 273
549 771
550 771
551 403
552 273
553 771
554 771
555 403
556 771
557 403
558 403
559 903
560 273
561 771
562 771
563 403
564 771
565 403
566 403
567 903
568 771
569 403
570 403
571 903
572 403
573 903
574 903
575 471
576 513
577 273
578 273
579 771
580 273
581 771
582 771
583 403
584 273
585 771
586 771
587 403
588 771
589 403
590 403
591 903
592 273
593 771
594 771
595 403
596 771
597 403
598 403
599 903
600 771
601 403
602 403
603 903
604 403
605 903
606 903
607 471
608 273
609 771
610 771
611 403
612 771
613 403
614 403
615 903
616 771
617 403
618 403
619 903
620 403
621 903
622 903
623 471
624 771
625 403
626 403
627 903
628 403
629 903
630 903
631 471
632 403
633 903
634 903
635 471
636 903
637 471
638 471
639 975
640 513
641 273
642 273
643 771
644 273
645 771
646 771
647 403
648 273
649 771
650 771
651 403
652 771
653 403
654 403
655 903
656 273
657 771
658 771
659 403
660 771
661 403
662 403
663 903
664 771
665 403
666 403
667 903
668 403
669 903
670 903
671 471
672 273
673 771
674 771
675 403
676 771
677 403
678 403
679 903
680 771
681 403
682 403
683 903
684 403
685 903
686 903
687 471
688 771
689 403
690 403
691 903
692 403
693 903
694 903
695 471
696 403
697 903
698 903
699 471
700 903
701 471
702 471
703 975
704 273
705 771
706 771
707 403
708 771
709 403
710 403
711 903
712 771
713 403
714 403
715 903
716 403
717 903
718 903
719 471
720 771
721 403
722 403
723 903
724 403
725 903
726 903
727 471
728 403
729 903
730 903
731 471
732 903
733 471
734 471
735 975
736 771
737 403
738 403
739 903
740 403
741 903
742 903
743 471
744 403
745 903
746 903
747 471
748 903
749 471
750 471
751 975
752 403
753 903
754 903
755 471
756 903
757 471
758 471
759 975
760 903
761 471
762 471
763 975
764 471
765 975
766 975
767 511
768 513
769 273
770 273
771 771
772 273
773 771
774 771
775 403
776 273
777 771
778 771
779 403
780 771
781 403
782 403
783 903
784 273
785 771
786 771
787 403
788 771
789 403
790 403
791 903
792 771
793 403
794 403
795 903
796 403
797 903
798 903
799 471
800 273
801 771
802 771
803 403
804 771
805 403
806 403
807 903
808 771
809 403
810 403
811 903
812 403
813 903
814 903
815 471
816 771
817 403
818 403
819 903
820 403
821 903
822 903
823 471
824 403
825 903
826 903
827 471
828 903
829 471
830 471
831 975
832 273
833 771
834 771
835 403
836 771
837 403
838 403
839 903
840 771
841 403
842 403
843 903
844 403
845 903
846 903
847 471
848 771
849 403
850 403
851 903
852 403
853 903
854 903
855 471
856 403
857 903
858 903
859 471
860 903
861 471
862 471
863 975
864 771
865 403
866 403
867 903
868 403
869 903
870 903
871 471
872 403
873 903
874 903
875 471
876 903
877 471
878 471
879 975
880 403
881 903
882 903
883 471
884 903
885 471
886 471
887 975
888 903
889 471
890 471
891 975
892 471
893 975
894 975
895 511
896 273
897 771
898 771
899 403
900 771
901 403
902 403
903 903
904 771
905 403
906 403
907 903
908 403
909 903
910 903
911 471
912 771
913 403
914 403
915 903
916 403
917 903
918 903
919 471
920 403
921 903
922 903
923 471
924 903
925 471
926 471
927 975
928 771
929 403
930 403
931 903
932 403
933 903
934 903
935 471
936 403
937 903
938 903
939 471
940 903
941 471
942 471
943 975
944 403
945 903
946 903
947 471
948 903
949 471
950 471
951 975
952 903
953 471
954 471
955 975
956 471
957 975
958 975
959 511
960 771
961 403
962 403
963 903
964 403
965 903
966 903
967 471
968 403
969 903
970 903
971 471
972 903
973 471
974 471
975 975
976 403
977 903
978 903
979 471
980 903
981 471
982 471
983 975
984 903
985 471
986 471
987 975
988 471
989 975
990 975
991 511
992 403
993 903
994 903
995 471
996 903
997 471
998 471
999 975
1000 903
1001 471
1002 471
1003 975
1004 471
1005 975
1006 975
1007 511
1008 903
1009 471
1010 471
1011 975
1012 471
1013 975
1014 975
1015 511
1016 471
1017 975
1018 975
1019 511
1020 975
1021 511
1022 511
1023 1023
1024 1
1025 1025
1026 1025
1027 1057
1028 1025
1029 1057
1030 1057
1031 1539
1032 1025
1033 1057
1034 1057
1035 1539
1036 1057
1037 1539
1038 1539
1039 1571
1040 1025
1041 1057
1042 1057
1043 1539
1044 1057
1045 1539
1046 1539
1047 1571
1048 1057
1049 1539
1050 1539
1051 1571
1052 1539
1053 1571
1054 1571
1055 1799
1056 1025
1057 1057
1058 1057
1059 1539
1060 1057
1061 1539
1062 1539
1063 1571
1064 1057
1065 1539
1066 1539
1067 1571
1068 1539
1069 1571
1070 1571
1071 1799
1072 1057
1073 1539
1074 1539
1075 1571
1076 1539
1077 1571
1078 1571
1079 1799
1080 1539
1081 1571
1082 1571
1083 1799
1084 1571
1085 1799
1086 1799
1087 1831
1088 1025
1089 1057
1090 1057
1091 1539
1092 1057
1093 1539
1094 1539
1095 1571
1096 1057
1097 1539
1098 1539
1099 1571
1100 1539
1101 1571
1102 1571
1103 1799
1104 1057
1105 1539
1106 1539
1107 1571
1108 1539
1109 1571
1110 1571
1111 1799
1112 1539
1113 1571
1114 1571
1115 1799
1116 1571
1117 1799
1118 1799
1119 1831
1120 1057
1121 1539
1122 1539
1123 1571
1124 1539
1125 1571
1126 1571
1127 1799
1128 1539
1129 1571
1130 1571
1131 1799
1132 1571
1133 1799
1134 1799
1135 1831
1136 1539
1137 1571
1138 1571
1139 1799
1140 1571
1141 1799
1142 1799
1143 1831
1144 1571
1145 1799
1146 1799
1147 1831
1148 1799
1149 1831
1150 1831
1151 1935
1152 1025
1153 1057
1154 1057
1155 1539
1156 1057
1157 1539
1158 1539
1159 1571
1160 1057
1161 1539
1162 1539
1163 1571
1164 1539
1165 1571
1166 1571
1167 1799
1168 1057
1169 1539
1170 1539
1171 1571
1172 1539
1173 1571
1174 1571
1175 1799
1176 1539
1177 1571
1178 1571
1179 1799
1180 1571
1181 1799
1182 1799
1183 1831
1184 1057
1185 1539
1186 1539
1187 1571
1188 1539
1189 1571
1190 1571
1191 1799
1192 1539
1193 1571
1194 1571
1195 1799
1196 1571
1197 1799
1198 1799
1199 1831
1200 1539
1201 1571
1202 1571
1203 1799
1204 1571
1205 1799
1206 1799
1207 1831
1208 1571
1209 1799
1210 1799
1211 1831
1212 1799
1213 1831
1214 1831
1215 1935
1216 1057
1217 1539
1218 1539
1219 1571
1220 1539
1221 1571
1222 1571
1223 1799
1224 1539
1225 1571
1226 1571
1227 1799
1228 1571
1229 1799
1230 1799
1231 1831
1232 1539
1233 1571
1234 1571
1235 1799
1236 1571
1237 1799
1238 1799
1239 1831
1240 1571
1241 1799
1242 1799
1243 1831
1244 1799
1245 1831
1246 1831
1247 1935
1248 1539
1249 1571
1250 1571
1251 1799
1252 1571
1253 1799
1254 1799
1255 1831
1256 1571
1257 1799
1258 1799
1259 1831
1260 1799
1261 1831
1262 1831
1263 1935
1264 1571
1265 1799
1266 1799
1267 1831
1268 1799
1269 1831
1270 1831
1271 1935
1272 1799
1273 1831
1274 1831
1275 1935
1276 1831
1277 1935
1278 1935
1279 1967
1280 1025
1281 1057
1282 1057
1283 1539
1284 1057
1285 1539
1286 1539
1287 1571
1288 1057
1289 1539
1290 1539
1291 1571
1292 1539
1293 1571
1294 1571
1295 1799
1296 1057
1297 1539
1298 1539
1299 1571
1300 1539
1301 1571
1302 1571
1303 1799
1304 1539
1305 1571
1306 1571
1307 1799
1308 1571
1309 1799
1310 1799
1311 1831
1312 1057
1313 1539
1314 1539
1315 1571
1316 1539
1317 1571
1318 1571
1319 1799
1320 1539
1321 1571
1322 1571
1323 1799
1324 1571
1325 1799
1326 1799
1327 1831
1328 1539
1329 1571
1330 1571
1331 1799
1332 1571
1333 1799
1334 1799
1335 1831
1336 1571
1337 1799
1338 1799
1339 1831
1340 1799
1341 1831
1342 1831
1343 1935
1344 1057
1345 1539
1346 1539
1347 1571
1348 1539
1349 1571
1350 1571
1351 1799
1352 1539
1353 1571
1354 1571
1355 1799
1356 1571
1357 1799
1358 1799
1359 1831
1360 1539
1361 1571
1362 1571
1363 1799
1364 1571
1365 1799
1366 1799
1367 1831
1368 1571
1369 1799
1370 1799
1371 1831
1372 1799
1373 1831
1374 1831
1375 1935
1376 1539
1377 1571
1378 1571
1379 1799
1380 1571
1381 1799
1382 1799
1383 1831
1384 1571
1385 1799
1386 1799
1387 1831
1388 1799
1389 1831
1390 1831
1391 1935
1392 1571
1393 1799
1394 1799
1395 1831
1396 1799
1397 1831
1398 1831
1399 1935
1400 1799
1401 1831
1402 1831
1403 1935
1404 1831
1405 1935
1406 1935
1407 1967
1408 1057
1409 1539
1410 1539
1411 1571
1412 1539
1413 1571
1414 1571
1415 1799
1416 1539
1417 1571
1418 1571
1419 1799
1420 1571
1421 1799
1422 1799
1423 1831
1424 1539
1425 1571
1426 1571
1427 1799
1428 1571
1429 1799
1430 1799
1431 1831
1432 1571
1433 1799
1434 1799
1435 1831
1436 1799
1437 1831
1438 1831
1439 1935
1440 1539
1441 1571
1442 1571
1443 1799
1444 1571
1445 1799
1446 1799
1447 1831
1448 1571
1449 1799
1450 1799
1451 1831
1452 1799
1453 1831
1454 1831
1455 1935
1456 1571
1457 1799
1458 1799
1459 1831
1460 1799
1461 1831
1462 1831
1463 1935
1464 1799
1465 1831
1466 1831
1467 1935
1468 1831
1469 1935
1470 1935
1471 1967
1472 1539
1473 1571
1474 1571
1475 1799
1476 1571
1477 1799
1478 1799
1479 1831
1480 1571
1481 1799
1482 1799
1483 1831
1484 1799
1485 1831
1486 1831
1487 1935
1488 1571
1489 1799
1490 1799
1491 1831
1492 1799
1493 1831
1494 1831
1495 1935
1496 1799
1497 1831
1498 1831
1499 1935
1500 1831
1501 1935
1502 1935
1503 1967
1504 1571
1505 1799
1506 1799
1507 1831
1508 1799
1509 1831
1510 1831
1511 1935
1512 1799
1513 1831
1514 1831
1515 1935
1516 1831
1517 1935
1518 1935
1519 1967
1520 1799
1521 1831
1522 1831
1523 1935
1524 1831
1525 1935
1526 1935
1527 1967
1528 1831
1529 1935
1530 1935
1531 1967
1532 1935
1533 1967
1534 1967
1535 2015
1536 1025
1537 1057
1538 1057
1539 1539
1540 1057
1541 1539
1542 1539
1543 1571
1544 1057
1545 1539
1546 1539
1547 1571
1548 1539
1549 1571
1550 1571
1551 1799
1552 1057
1553 1539
1554 1539
1555 1571
1556 1539
1557 1571
1558 1571
1559 1799
1560 1539
1561 1571
1562 1571
1563 1799
1564 1571
1565 1799
1566 1799
1567 1831
1568 1057
1569 1539
1570 1539
1571 1571
1572 1539
1573 1571
1574 1571
1575 1799
1576 1539
1577 1571
1578 1571
1579 1799
1580 1571
1581 1799
1582 1799
1583 1831
1584 1539
1585 1571
1586 1571
1587 1799
1588 1571
1589 1799
1590 1799
1591 1831
1592 1571
1593 1799
1594 1799
1595 1831
1596 1799
1597 1831
1598 1831
1599 1935
1600 1057
1601 1539
1602 1539
1603 1571
1604 1539
1605 1571
1606 1571
1607 1799
1608 1539
1609 1571
1610 1571
1611 1799
1612 1571
1613 1799
1614 1799
1615 1831
1616 1539
1617 1571
1618 1571
1619 1799
1620 1571
1621 1799
1622 1799
1623 1831
1624 1571
1625 1799
1626 1799
1627 1831
1628 1799
1629 1831
1630 1831
1631 1935
1632 1539
1633 1571
1634 1571
1635 1799
1636 1571
1637 1799
1638 1799
1639 1831
1640 1571
1641 1799
1642 1799
1643 1831
1644 1799
1645 1831
1646 1831
1647 1935
1648 1571
1649 1799
1650 1799
1651 1831
1652 1799
1653 1831
1654 1831
1655 1935
1656 1799
1657 1831
1658 1831
1659 1935
1660 1831
1661 1935
1662 1935
1663 1967
1664 1057
1665 1539
1666 1539
1667 1571
1668 1539
1669 1571
1670 1571
1671 1799
1672 1539
1673 1571
1674 1571
1675 1799
1676 1571
1677 1799
1678 1799
1679 1831
1680 1539
1681 1571
1682 1571
1683 1799
1684 1571
1685 1799
1686 1799
1687 1831
1688 1571
1689 1799
1690 1799
1691 1831
1692 1799
1693 1831
1694 1831
1695 1935
1696 1539
1697 1571
1698 1571
1699 1799
1700 1571
1701 1799
1702 1799
1703 1831
1704 1571
1705 1799
1706 1799
1707 1831
1708 1799
1709 1831
1710 1831
1711 1935
1712 1571
1713 1799
1714 1799
1715 1831
1716 1799
1717 1831
1718 1831
1719 1935
1720 1799
1721 1831
1722 1831
1723 1935
1724 1831
1725 1935
1726 1935
1727 1967
1728 1539
1729 1571
1730 1571
1731 1799
1732 1571
1733 1799
1734 1799
1735 1831
1736 1571
1737 1799
1738 1799
1739 1831
1740 1799
1741 1831
1742 1831
1743 1935
1744 1571
1745 1799
1746 1799
1747 1831
1748 1799
1749 1831
1750 1831
1751 1935
1752 1799
1753 1831
1754 1831
1755 1935
1756 1831
1757 1935
1758 1935
1759 1967
1760 1571
1761 1799
1762 1799
1763 1831
1764 1799
1765 1831
1766 1831
1767 1935
1768 1799
1769 1831
1770 1831
1771 1935
1772 1831
1773 1935
1774 1935
1775 1967
1776 1799
1777 1831
1778 1831
1779 1935
1780 1831
1781 1935
1782 1935
1783 1967
1784 1831
1785 1935
1786 1935
1787 1967
1788 1935
1789 1967
1790 1967
1791 2015
1792 1057
1793 1539
1794 1539
1795 1571
1796 1539
1797 1571
1798 1571
1799 1799
1800 1539
1801 1571
1802 1571
1803 1799
1804 1571
1805 1799
1806 1799
1807 1831
1808 1539
1809 1571
1810 1571
1811 1799
1812 1571
1813 1799
1814 1799
1815 1831
1816 1571
1817 1799
1818 1799
1819 1831
1820 1799
1821 1831
1822 1831
1823 1935
1824 1539
1825 1571
1826 1571
1827 1799
1828 1571
1829 1799
1830 1799
1831 1831
1832 1571
1833 1799
1834 1799
1835 1831
1836 1799
1837 1831
1838 1831
1839 1935
1840 1571
1841 1799
1842 1799
1843 1831
1844 1799
1845 1831
1846 1831
1847 1935
1848 1799
1849 1831
1850 1831
1851 1935
1852 1831
1853 1935
1854 1935
1855 1967
1856 1539
1857 1571
1858 1571
1859 1799
1860 1571
1861 1799
1862 1799
1863 1831
1864 1571
1865 1799
1866 1799
1867 1831
1868 1799
1869 1831
1870 1831
1871 1935
1872 1571
1873 1799
1874 1799
1875 1831
1876 1799
1877 1831
1878 1831
1879 1935
1880 1799
1881 1831
1882 1831
1883 1935
1884 1831
1885 1935
1886 1935
1887 1967
1888 1571
1889 1799
1890 1799
1891 1831
1892 1799
1893 1831
1894 1831
1895 1935
1896 1799
1897 1831
1898 1831
1899 1935
1900 1831
1901 1935
1902 1935
1903 1967
1904 1799
1905 1831
1906 1831
1907 1935
1908 1831
1909 1935
1910 1935
1911 1967
1912 1831
1913 1935
1914 1935
1915 1967
1916 1935
1917 1967
1918 1967
1919 2015
1920 1539
1921 1571
1922 1571
1923 1799
1924 1571
1925 1799
1926 1799
1927 1831
1928 1571
1929 1799
1930 1799
1931 1831
1932 1799
1933 1831
1934 1831
1935 1935
1936 1571
1937 1799
1938 1799
1939 1831
1940 1799
1941 1831
1942 1831
1943 1935
1944 1799
1945 1831
1946 1831
1947 1935
1948 1831
1949 1935
1950 1935
1951 1967
1952 1571
1953 1799
1954 1799
1955 1831
1956 1799
1957 1831
1958 1831
1959 1935
1960 1799
1961 1831
1962 1831
1963 1935
1964 1831
1965 1935
1966 1935
1967 1967
1968 1799
1969 1831
1970 1831
1971 1935
1972 1831
1973 1935
1974 1935
1975 1967
1976 1831
1977 1935
1978 1935
1979 1967
1980 1935
1981 1967
1982 1967
1983 2015
1984 1571
1985 1799
1986 1799
1987 1831
1988 1799
1989 1831
1990 1831
1991 1935
1992 1799
1993 1831
1994 1831
1995 1935
1996 1831
1997 1935
1998 1935
1999 1967
2000 1799
2001 1831
2002 1831
2003 1935
2004 1831
2005 1935
2006 1935
2007 1967
2008 1831
2009 1935
2010 1935
2011 1967
2012 1935
2013 1967
2014 1967
2015 2015
2016 1799
2017 1831
2018 1831
2019 1935
2020 1831
2021 1935
2022 1935
2023 1967
2024 1831
2025 1935
2026 1935
2027 1967
2028 1935
2029 1967
2030 1967
2031 2015
2032 1831
2033 1935
2034 1935
2035 1967
2036 1935
2037 1967
2038 1967
2039 2015
2040 1935
2041 1967
2042 1967
2043 2015
2044 1967
2045 2015
2046 2015
2047 2047
2048 1
2049 2049
2050 2049
2051 1057
2052 2049
2053 1057
2054 1057
2055 3075
2056 2049
2057 1057
2058 1057
2059 3075
2060 1057
2061 3075
2062 3075
2063 1571
2064 2049
2065 1057
2066 1057
2067 3075
2068 1057
2069 3075
2070 3075
2071 1571
2072 1057
2073 3075
2074 3075
2075 1571
2076 3075
2077 1571
2078 1571
2079 3591
2080 2049
2081 1057
2082 1057
2083 3075
2084 1057
2085 3075
2086 3075
2087 1571
2088 1057
2089 3075
2090 3075
2091 1571
2092 3075
2093 1571
2094 1571
2095 3591
2096 1057
2097 3075
2098 3075
2099 1571
2100 3075
2101 1571
2102 1571
2103 3591
2104 3075
2105 1571
2106 1571
2107 3591
2108 1571
2109 3591
2110 3591
2111 1831
2112 2049
2113 1057
2114 1057
2115 3075
2116 1057
2117 3075
2118 3075
2119 1571
2120 1057
2121 3075
2122 3075
2123 1571
2124 3075
2125 1571
2126 1571
2127 3591
2128 1057
2129 3075
2130 3075
2131 1571
2132 3075
2133 1571
2134 1571
2135 3591
2136 3075
2137 1571
2138 1571
2139 3591
2140 1571
2141 3591
2142 3591
2143 1831
2144 1057
2145 3075
2146 3075
2147 1571
2148 3075
2149 1571
2150 1571
2151 3591
2152 3075
2153 1571
2154 1571
2155 3591
2156 1571
2157 3591
2158 3591
2159 1831
2160 3075
2161 1571
2162 1571
2163 3591
2164 1571
2165 3591
2166 3591
2167 1831
2168 1571
2169 3591
2170 3591
2171 1831
2172 3591
2173 1831
2174 1831
2175 3855
2176 2049
2177 1057
2178 1057
2179 3075
2180 1057
2181 3075
2182 3075
2183 1571
2184 1057
2185 3075
2186 3075
2187 1571
2188 3075
2189 1571
2190 1571
2191 3591
2192 1057
2193 3075
2194 3075
2195 1571
2196 3075
2197 1571
2198 1571
2199 3591
2200 3075
2201 1571
2202 1571
2203 3591
2204 1571
2205 3591
2206 3591
2207 1831
2208 1057
2209 3075
2210 3075
2211 1571
2212 3075
2213 1571
2214 1571
2215 3591
2216 3075
2217 1571
2218 1571
2219 3591
2220 1571
2221 3591
2222 3591
2223 1831
2224 3075
2225 1571
2226 1571
2227 3591
2228 1571
2229 3591
2230 3591
2231 1831
2232 1571
2233 3591
2234 3591
2235 1831
2236 3591
2237 1831
2238 1831
2239 3855
2240 1057
2241 3075
2242 3075
2243 1571
2244 3075
2245 1571
2246 1571
2247 3591
2248 3075
2249 1571
2250 1571
2251 3591
2252 1571
2253 3591
2254 3591
2255 1831
2256 3075
2257 1571
2258 1571
2259 3591
2260 1571
2261 3591
2262 3591
2263 1831
2264 1571
2265 3591
2266 3591
2267 1831
2268 3591
2269 1831
2270 1831
2271 3855
2272 3075
2273 1571
2274 1571
2275 3591
2276 1571
2277 3591
2278 3591
2279 1831
2280 1571
2281 3591
2282 3591
2283 1831
2284 3591
2285 1831
2286 1831
2287 3855
2288 1571
2289 3591
2290 3591
2291 1831
2292 3591
2293 1831
2294 1831
2295 3855
2296 3591
2297 1831
2298 1831
2299 3855
2300 1831
2301 3855
2302 3855
2303 1967
2304 2049
2305 1057
2306 1057
2307 3075
2308 1057
2309 3075
2310 3075
2311 1571
2312 1057
2313 3075
2314 3075
2315 1571
2316 3075
2317 1571
2318 1571
2319 3591
2320 1057
2321 3075
2322 3075
2323 1571
2324 3075
2325 1571
2326 1571
2327 3591
2328 3075
2329 1571
2330 1571
2331 3591
2332 1571
2333 3591
2334 3591
2335 1831
2336 1057
2337 3075
2338 3075
2339 1571
2340 3075
2341 1571
2342 1571
2343 3591
2344 3075
2345 1571
2346 1571
2347 3591
2348 1571
2349 3591
2350 3591
2351 1831
2352 3075
2353 1571
2354 1571
2355 3591
2356 1571
2357 3591
2358 3591
2359 1831
2360 1571
2361 3591
2362 3591
2363 1831
2364 3591
2365 1831
2366 1831
2367 3855
2368 1057
2369 3075
2370 3075
2371 1571
2372 3075
2373 1571
2374 1571
2375 3591
2376 3075
2377 1571
2378 1571
2379 3591
2380 1571
2381 3591
2382 3591
2383 1831
2384 3075
2385 1571
2386 1571
2387 3591
2388 1571
2389 3591
2390 3591
2391 1831
2392 1571
2393 3591
2394 3591
2395 1831
2396 3591
2397 1831
2398 1831
2399 3855
2400 3075
2401 1571
2402 1571
2403 3591
2404 1571
2405 3591
2406 3591
2407 1831
2408 1571
2409 3591
2410 3591
2411 1831
2412 3591
2413 1831
2414 1831
2415 3855
2416 1571
2417 3591
2418 3591
2419 1831
2420 3591
2421 1831
2422 1831
2423 3855
2424 3591
2425 1831
2426 1831
2427 3855
2428 1831
2429 3855
2430 3855
2431 1967
2432 1057
2433 3075
2434 3075
2435 1571
2436 3075
2437 1571
2438 1571
2439 3591
2440 3075
2441 1571
2442 1571
2443 3591
2444 1571
2445 3591
2446 3591
2447 1831
2448 3075
2449 1571
2450 1571
2451 3591
2452 1571
2453 3591
2454 3591
2455 1831
2456 1571
2457 3591
2458 3591
2459 1831
2460 3591
2461 1831
2462 1831
2463 3855
2464 3075
2465 1571
2466 1571
2467 3591
2468 1571
2469 3591
2470 3591
2471 1831
2472 1571
2473 3591
2474 3591
2475 1831
2476 3591
2477 1831
2478 1831
2479 3855
2480 1571
2481 3591
2482 3591
2483 1831
2484 3591
2485 1831
2486 1831
2487 3855
2488 3591
2489 1831
2490 1831
2491 3855
2492 1831
2493 3855
2494 3855
2495 1967
2496 3075
2497 1571
2498 1571
2499 3591
2500 1571
2501 3591
2502 3591
2503 1831
2504 1571
2505 3591
2506 3591
2507 1831
2508 3591
2509 1831
2510 1831
2511 3855
2512 1571
2513 3591
2514 3591
2515 1831
2516 3591
2517 1831
2518 1831
2519 3855
2520 3591
2521 1831
2522 1831
2523 3855
2524 1831
2525 3855
2526 3855
2527 1967
2528 1571
2529 3591
2530 3591
2531 1831
2532 3591
2533 1831
2534 1831
2535 3855
2536 3591
2537 1831
2538 1831
2539 3855
2540 1831
2541 3855
2542 3855
2543 1967
2544 3591
2545 1831
2546 1831
2547 3855
2548 1831
2549 3855
2550 3855
2551 1967
2552 1831
2553 3855
2554 3855
2555 1967
2556 3855
2557 1967
2558 1967
2559 3999
2560 2049
2561 1057
2562 1057
2563 3075
2564 1057
2565 3075
2566 3075
2567 1571
2568 1057
2569 3075
2570 3075
2571 1571
2572 3075
2573 1571
2574 1571
2575 3591
2576 1057
2577 3075
2578 3075
2579 1571
2580 3075
2581 1571
2582 1571
2583 3591
2584 3075
2585 1571
2586 1571
2587 3591
2588 1571
2589 3591
2590 3591
2591 1831
2592 1057
2593 3075
2594 3075
2595 1571
2596 3075
2597 1571
2598 1571
2599 3591
2600 3075
2601 1571
2602 1571
2603 3591
2604 1571
2605 3591
2606 3591
2607 1831
2608 3075
2609 1571
2610 1571
2611 3591
2612 1571
2613 3591
2614 3591
2615 1831
2616 1571
2617 3591
2618 3591
2619 1831
2620 3591
2621 1831
2622 1831
2623 3855
2624 1057
2625 3075
2626 3075
2627 1571
2628 3075
2629 1571
2630 1571
2631 3591
2632 3075
2633 1571
2634 1571
2635 3591
2636 1571
2637 3591
2638 3591
2639 1831
2640 3075
2641 1571
2642 1571
2643 3591
2644 1571
2645 3591
2646 3591
2647 1831
2648 1571
2649 3591
2650 3591
2651 1831
2652 3591
2653 1831
2654 1831
2655 3855
2656 3075
2657 1571
2658 1571
2659 3591
2660 1571
2661 3591
2662 3591
2663 1831
2664 1571
2665 3591
2666 3591
2667 1831
2668 3591
2669 1831
2670 1831
2671 3855
2672 1571
2673 3591
2674 3591
2675 1831
2676 3591
2677 1831
2678 1831
2679 3855
2680 3591
2681 1831
2682 1831
2683 3855
2684 1831
2685 3855
2686 3855
2687 1967
2688 1057
2689 3075
2690 3075
2691 1571
2692 3075
2693 1571
2694 1571
2695 3591
2696 3075
2697 1571
2698 1571
2699 3591
2700 1571
2701 3591
2702 3591
2703 1831
2704 3075
2705 1571
2706 1571
2707 3591
2708 1571
2709 3591
2710 3591
2711 1831
2712 1571
2713 3591
2714 3591
2715 1831
2716 3591
2717 1831
2718 1831
2719 3855
2720 3075
2721 1571
2722 1571
2723 3591
2724 1571
2725 3591
2726 3591
2727 1831
2728 1571
2729 3591
2730 3591
2731 1831
2732 3591
2733 1831
2734 1831
2735 3855
2736 1571
2737 3591
2738 3591
2739 1831
2740 3591
2741 1831
2742 1831
2743 3855
2744 3591
2745 1831
2746 1831
2747 3855
2748 1831
2749 3855
2750 3855
2751 1967
2752 3075
2753 1571
2754 1571
2755 3591
2756 1571
2757 3591
2758 3591
2759 1831
2760 1571
2761 3591
2762 3591
2763 1831
2764 3591
2765 1831
2766 1831
2767 3855
2768 1571
2769 3591
2770 3591
2771 1831
2772 3591
2773 1831
2774 1831
2775 3855
2776 3591
2777 1831
2778 1831
2779 3855
2780 1831
2781 3855
2782 3855
2783 1967
2784 1571
2785 3591
2786 3591
2787 1831
2788 3591
2789 1831
2790 1831
2791 3855
2792 3591
2793 1831
2794 1831
2795 3855
2796 1831
2797 3855
2798 3855
2799 1967
2800 3591
2801 1831
2802 1831
2803 3855
2804 1831
2805 3855
2806 3855
2807 1967
2808 1831
2809 3855
2810 3855
2811 1967
2812 3855
2813 1967
2814 1967
2815 3999
2816 1057
2817 3075
2818 3075
2819 1571
2820 3075
2821 1571
2822 1571
2823 3591
2824 3075
2825 1571
2826 1571
2827 3591
2828 1571
2829 3591
2830 3591
2831 1831
2832 3075
2833 1571
2834 1571
2835 3591
2836 1571
2837 3591
2838 3591
2839 1831
2840 1571
2841 3591
2842 3591
2843 1831
2844 3591
2845 1831
2846 1831
2847 3855
2848 3075
2849 1571
2850 1571
2851 3591
2852 1571
2853 3591
2854 3591
2855 1831
2856 1571
2857 3591
2858 3591
2859 1831
2860 3591
2861 1831
2862 1831
2863 3855
2864 1571
2865 3591
2866 3591
2867 1831
2868 3591
2869 1831
2870 1831
2871 3855
2872 3591
2873 1831
2874 1831
2875 3855
2876 1831
2877 3855
2878 3855
2879 1967
2880 3075
2881 1571
2882 1571
2883 3591
2884 1571
2885 3591
2886 3591
2887 1831
2888 1571
2889 3591
2890 3591
2891 1831
2892 3591
2893 1831
2894 1831
2895 3855
2896 1571
2897 3591
2898 3591
2899 1831
2900 3591
2901 1831
2902 1831
2903 3855
2904 3591
2905 1831
2906 1831
2907 3855
2908 1831
2909 3855
2910 3855
2911 1967
2912 1571
2913 3591
2914 3591
2915 1831
2916 3591
2917 1831
2918 1831
2919 3855
2920 3591
2921 1831
2922 1831
2923 3855
2924 1831
2925 3855
2926 3855
2927 1967
2928 3591
2929 1831
2930 1831
2931 3855
2932 1831
2933 3855
2934 3855
2935 1967
2936 1831
2937 3855
2938 3855
2939 1967
2940 3855
2941 1967
2942 1967
2943 3999
2944 3075
2945 1571
2946 1571
2947 3591
2948 1571
2949 3591
2950 3591
2951 1831
2952 1571
2953 3591
2954 3591
2955 1831
2956 3591
2957 1831
2958 1831
2959 3855
2960 1571
2961 3591
2962 3591
2963 1831
2964 3591
2965 1831
2966 1831
2967 3855
2968 3591
2969 1831
2970 1831
2971 3855
2972 1831
2973 3855
2974 3855
2975 1967
2976 1571
2977 3591
2978 3591
2979 1831
2980 3591
2981 1831
2982 1831
2983 3855
2984 3591
2985 1831
2986 1831
2987 3855
2988 1831
2989 3855
2990 3855
2991 1967
2992 3591
2993 1831
2994 1831
2995 3855
2996 1831
2997 3855
2998 3855
2999 1967
3000 1831
3001 3855
3002 3855
3003 1967
3004 3855
3005 1967
3006 1967
3007 3999
3008 1571
3009 3591
3010 3591
3011 1831
3012 3591
3013 1831
3014 1831
3015 3855
3016 3591
3017 1831
3018 1831
3019 3855
3020 1831
3021 3855
3022 3855
3023 1967
3024 3591
3025 1831
3026 1831
3027 3855
3028 1831
3029 3855
3030 3855
3031 1967
3032 1831
3033 3855
3034 3855
3035 1967
3036 3855
3037 1967
3038 1967
3039 3999
3040 3591
3041 1831
3042 1831
3043 3855
3044 1831
3045 3855
3046 3855
3047 1967
3048 1831
3049 3855
3050 3855
3051 1967
3052 3855
3053 1967
3054 1967
3055 3999
3056 1831
3057 3855
3058 3855
3059 1967
3060 3855
3061 1967
3062 1967
3063 3999
3064 3855
3065 1967
3066 1967
3067 3999
3068 1967
3069 3999
3070 3999
3071 2047
3072 2049
3073 1057
3074 1057
3075 3075
3076 1057
3077 3075
3078 3075
3079 1571
3080 1057
3081 3075
3082 3075
3083 1571
3084 3075
3085 1571
3086 1571
3087 3591
3088 1057
3089 3075
3090 3075
3091 1571
3092 3075
3093 1571
3094 1571
3095 3591
3096 3075
3097 1571
3098 1571
3099 3591
3100 1571
3101 3591
3102 3591
3103 1831
3104 1057
3105 3075
3106 3075
3107 1571
3108 3075
3109 1571
3110 1571
3111 3591
3112 3075
3113 1571
3114 1571
3115 3591
3116 1571
3117 3591
3118 3591
3119 1831
3120 3075
3121 1571
3122 1571
3123 3591
3124 1571
3125 3591
3126 3591
3127 1831
3128 1571
3129 3591
3130 3591
3131 1831
3132 3591
3133 1831
3134 1831
3135 3855
3136 1057
3137 3075
3138 3075
3139 1571
3140 3075
3141 1571
3142 1571
3143 3591
3144 3075
3145 1571
3146 1571
3147 3591
3148 1571
3149 3591
3150 3591
3151 1831
3152 3075
3153 1571
3154 1571
3155 3591
3156 1571
3157 3591
3158 3591
3159 1831
3160 1571
3161 3591
3162 3591
3163 1831
3164 3591
3165 1831
3166 1831
3167 3855
3168 3075
3169 1571
3170 1571
3171 3591
3172 1571
3173 3591
3174 3591
3175 1831
3176 1571
3177 3591
3178 3591
3179 1831
3180 3591
3181 1831
3182 1831
3183 3855
3184 1571
3185 3591
3186 3591
3187 1831
3188 3591
3189 1831
3190 1831
3191 3855
3192 3591
3193 1831
3194 1831
3195 3855
3196 1831
3197 3855
3198 3855
3199 1967
3200 1057
3201 3075
3202 3075
3203 1571
3204 3075
3205 1571
3206 1571
3207 3591
3208 3075
3209 1571
3210 1571
3211 3591
3212 1571
3213 3591
3214 3591
3215 1831
3216 3075
3217 1571
3218 1571
3219 3591
3220 1571
3221 3591
3222 3591
3223 1831
3224 1571
3225 3591
3226 3591
3227 1831
3228 3591
3229 1831
3230 1831
3231 3855
3232 3075
3233 1571
3234 1571
3235 3591
3236 1571
3237 3591
3238 3591
3239 1831
3240 1571
3241 3591
3242 3591
3243 1831
3244 3591
3245 1831
3246 1831
3247 3855
3248 1571
3249 3591
3250 3591
3251 1831
3252 3591
3253 1831
3254 1831
3255 3855
3256 3591
3257 1831
3258 1831
3259 3855
3260 1831
3261 3855
3262 3855
3263 1967
3264 3075
3265 1571
3266 1571
3267 3591
3268 1571
3269 3591
3270 3591
3271 1831
3272 1571
3273 3591
3274 3591
3275 1831
3276 3591
3277 1831
3278 1831
3279 3855
3280 1571
3281 3591
3282 3591
3283 1831
3284 3591
3285 1831
3286 1831
3287 3855
3288 3591
3289 1831
3290 1831
3291 3855
3292 1831
3293 3855
3294 3855
3295 1967
3296 1571
3297 3591
3298 3591
3299 1831
3300 3591
3301 1831
3302 1831
3303 3855
3304 3591
3305 1831
3306 1831
3307 3855
3308 1831
3309 3855
3310 3855
3311 1967
3312 3591
3313 1831
3314 1831
3315 3855
3316 1831
3317 3855
3318 3855
3319 1967
3320 1831
3321 3855
3322 3855
3323 1967
3324 3855
3325 1967
3326 1967
3327 3999
3328 1057
3329 3075
3330 3075
3331 1571
3332 3075
3333 1571
3334 1571
3335 3591
3336 3075
3337 1571
3338 1571
3339 3591
3340 1571
3341 3591
3342 3591
3343 1831
3344 3075
3345 1571
3346 1571
3347 3591
3348 1571
3349 3591
3350 3591
3351 1831
3352 1571
3353 3591
3354 3591
3355 1831
3356 3591
3357 1831
3358 1831
3359 3855
3360 3075
3361 1571
3362 1571
3363 3591
3364 1571
3365 3591
3366 3591
3367 1831
3368 1571
3369 3591
3370 3591
3371 1831
3372 3591
3373 1831
3374 1831
3375 3855
3376 1571
3377 3591
3378 3591
3379 1831
3380 3591
3381 1831
3382 1831
3383 3855
3384 3591
3385 1831
3386 1831
3387 3855
3388 1831
3389 3855
3390 3855
3391 1967
3392 3075
3393 1571
3394 1571
3395 3591
3396 1571
3397 3591
3398 3591
3399 1831
3400 1571
3401 3591
3402 3591
3403 1831
3404 3591
3405 1831
3406 1831
3407 3855
3408 1571
3409 3591
3410 3591
3411 1831
3412 3591
3413 1831
3414 1831
3415 3855
3416 3591
3417 1831
3418 1831
3419 3855
3420 1831
3421 3855
3422 3855
3423 1967
3424 1571
3425 3591
3426 3591
3427 1831
3428 3591
3429 1831
3430 1831
3431 3855
3432 3591
3433 1831
3434 1831
3435 3855
3436 1831
3437 3855
3438 3855
3439 1967
3440 3591
3441 1831
3442 1831
3443 3855
3444 1831
3445 3855
3446 3855
3447 1967
3448 1831
3449 3855
3450 3855
3451 1967
3452 3855
3453 1967
3454 1967
3455 3999
3456 3075
3457 1571
3458 1571
3459 3591
3460 1571
3461 3591
3462 3591
3463 1831
3464 1571
3465 3591
3466 3591
3467 1831
3468 3591
3469 1831
3470 1831
3471 3855
3472 1571
3473 3591
3474 3591
3475 1831
3476 3591
3477 1831
3478 1831
3479 3855
3480 3591
3481 1831
3482 1831
3483 3855
3484 1831
3485 3855
3486 3855
3487 1967
3488 1571
3489 3591
3490 3591
3491 1831
3492 3591
3493 1831
3494 1831
3495 3855
3496 3591
3497 1831
3498 1831
3499 3855
3500 1831
3501 3855
3502 3855
3503 1967
3504 3591
3505 1831
3506 1831
3507 3855
3508 1831
3509 3855
3510 3855
3511 1967
3512 1831
3513 3855
3514 3855
3515 1967
3516 3855
3517 1967
3518 1967
3519 3999
3520 1571
3521 3591
3522 3591
3523 1831
3524 3591
3525 1831
3526 1831
3527 3855
3528 3591
3529 1831
3530 1831
3531 3855
3532 1831
3533 3855
3534 3855
3535 1967
3536 3591
3537 1831
3538 1831
3539 3855
3540 1831
3541 3855
3542 3855
3543 1967
3544 1831
3545 3855
3546 3855
3547 1967
3548 3855
3549 1967
3550 1967
3551 3999
3552 3591
3553 1831
3554 1831
3555 3855
3556 1831
3557 3855
3558 3855
3559 1967
3560 1831
3561 3855
3562 3855
3563 1967
3564 3855
3565 1967
3566 1967
3567 3999
3568 1831
3569 3855
3570 3855
3571 1967
3572 3855
3573 1967
3574 1967
3575 3999
3576 3855
3577 1967
3578 1967
3579 3999
3580 1967
3581 3999
3582 3999
3583 2047
3584 1057
3585 3075
3586 3075
3587 1571
3588 3075
3589 1571
3590 1571
3591 3591
3592 3075
3593 1571
3594 1571
3595 3591
3596 1571
3597 3591
3598 3591
3599 1831
3600 3075
3601 1571
3602 1571
3603 3591
3604 1571
3605 3591
3606 3591
3607 1831
3608 1571
3609 3591
3610 3591
3611 1831
3612 3591
3613 1831
3614 1831
3615 3855
3616 3075
3617 1571
3618 1571
3619 3591
3620 1571
3621 3591
3622 3591
3623 1831
3624 1571
3625 3591
3626 3591
3627 1831
3628 3591
3629 1831
3630 1831
3631 3855
3632 1571
3633 3591
3634 3591
3635 1831
3636 3591
3637 1831
3638 1831
3639 3855
3640 3591
3641 1831
3642 1831
3643 3855
3644 1831
3645 3855
3646 3855
3647 1967
3648 3075
3649 1571
3650 1571
3651 3591
3652 1571
3653 3591
3654 3591
3655 1831
3656 1571
3657 3591
3658 3591
3659 1831
3660 3591
3661 1831
3662 1831
3663 3855
3664 1571
3665 3591
3666 3591
3667 1831
3668 3591
3669 1831
3670 1831
3671 3855
3672 3591
3673 1831
3674 1831
3675 3855
3676 1831
3677 3855
3678 3855
3679 1967
3680 1571
3681 3591
3682 3591
3683 1831
3684 3591
3685 1831
3686 1831
3687 3855
3688 3591
3689 1831
3690 1831
3691 3855
3692 1831
3693 3855
3694 3855
3695 1967
3696 3591
3697 1831
3698 1831
3699 3855
3700 1831
3701 3855
3702 3855
3703 1967
3704 1831
3705 3855
3706 3855
3707 1967
3708 3855
3709 1967
3710 1967
3711 3999
3712 3075
3713 1571
3714 1571
3715 3591
3716 1571
3717 3591
3718 3591
3719 1831
3720 1571
3721 3591
3722 3591
3723 1831
3724 3591
3725 1831
3726 1831
3727 3855
3728 1571
3729 3591
3730 3591
3731 1831
3732 3591
3733 1831
3734 1831
3735 3855
3736 3591
3737 1831
3738 1831
3739 3855
3740 1831
3741 3855
3742 3855
3743 1967
3744 1571
3745 3591
3746 3591
3747 1831
3748 3591
3749 1831
3750 1831
3751 3855
3752 3591
3753 1831
3754 1831
3755 3855
3756 1831
3757 3855
3758 3855
3759 1967
3760 3591
3761 1831
3762 1831
3763 3855
3764 1831
3765 3855
3766 3855
3767 1967
3768 1831
3769 3855
3770 3855
3771 1967
3772 3855
3773 1967
3774 1967
3775 3999
3776 1571
3777 3591
3778 3591
3779 1831
3780 3591
3781 1831
3782 1831
3783 3855
3784 3591
3785 1831
3786 1831
3787 3855
3788 1831
3789 3855
3790 3855
3791 1967
3792 3591
3793 1831
3794 1831
3795 3855
3796 1831
3797 3855
3798 3855
3799 1967
3800 1831
3801 3855
3802 3855
3803 1967
3804 3855
3805 1967
3806 1967
3807 3999
3808 3591
3809 1831
3810 1831
3811 3855
3812 1831
3813 3855
3814 3855
3815 1967
3816 1831
3817 3855
3818 3855
3819 1967
3820 3855
3821 1967
3822 1967
3823 3999
3824 1831
3825 3855
3826 3855
3827 1967
3828 3855
3829 1967
3830 1967
3831 3999
3832 3855
3833 1967
3834 1967
3835 3999
3836 1967
3837 3999
3838 3999
3839 2047
3840 3075
3841 1571
3842 1571
3843 3591
3844 1571
3845 3591
3846 3591
3847 1831
3848 1571
3849 3591
3850 3591
3851 1831
3852 3591
3853 1831
3854 1831
3855 3855
3856 1571
3857 3591
3858 3591
3859 1831
3860 3591
3861 1831
3862 1831
3863 3855
3864 3591
3865 1831
3866 1831
3867 3855
3868 1831
3869 3855
3870 3855
3871 1967
3872 1571
3873 3591
3874 3591
3875 1831
3876 3591
3877 1831
3878 1831
3879 3855
3880 3591
3881 1831
3882 1831
3883 3855
3884 1831
3885 3855
3886 3855
3887 1967
3888 3591
3889 1831
3890 1831
3891 3855
3892 1831
3893 3855
3894 3855
3895 1967
3896 1831
3897 3855
3898 3855
3899 1967
3900 3855
3901 1967
3902 1967
3903 3999
3904 1571
3905 3591
3906 3591
3907 1831
3908 3591
3909 1831
3910 1831
3911 3855
3912 3591
3913 1831
3914 1831
3915 3855
3916 1831
3917 3855
3918 3855
3919 1967
3920 3591
3921 1831
3922 1831
3923 3855
3924 1831
3925 3855
3926 3855
3927 1967
3928 1831
3929 3855
3930 3855
3931 1967
3932 3855
3933 1967
3934 1967
3935 3999
3936 3591
3937 1831
3938 1831
3939 3855
3940 1831
3941 3855
3942 3855
3943 1967
3944 1831
3945 3855
3946 3855
3947 1967
3948 3855
3949 1967
3950 1967
3951 3999
3952 1831
3953 3855
3954 3855
3955 1967
3956 3855
3957 1967
3958 1967
3959 3999
3960 3855
3961 1967
3962 1967
3963 3999
3964 1967
3965 3999
3966 3999
3967 2047
3968 1571
3969 3591
3970 3591
3971 1831
3972 3591
3973 1831
3974 1831
3975 3855
3976 3591
3977 1831
3978 1831
3979 3855
3980 1831
3981 3855
3982 3855
3983 1967
3984 3591
3985 1831
3986 1831
3987 3855
3988 1831
3989 3855
3990 3855
3991 1967
3992 1831
3993 3855
3994 3855
3995 1967
3996 3855
3997 1967
3998 1967
3999 3999
4000 3591
4001 1831
4002 1831
4003 3855
4004 1831
4005 3855
4006 3855
4007 1967
4008 1831
4009 3855
4010 3855
4011 1967
4012 3855
4013 1967
4014 1967
4015 3999
4016 1831
4017 3855
4018 3855
4019 1967
4020 3855
4021 1967
4022 1967
4023 3999
4024 3855
4025 1967
4026 1967
4027 3999
4028 1967
4029 3999
4030 3999
4031 2047
4032 3591
4033 1831
4034 1831
4035 3855
4036 1831
4037 3855
4038 3855
4039 1967
4040 1831
4041 3855
4042 3855
4043 1967
4044 3855
4045 1967
4046 1967
4047 3999
4048 1831
4049 3855
4050 3855
4051 1967
4052 3855
4053 1967
4054 1967
4055 3999
4056 3855
4057 1967
4058 1967
4059 3999
4060 1967
4061 3999
4062 3999
4063 2047
4064 1831
4065 3855
4066 3855
4067 1967
4068 3855
4069 1967
4070 1967
4071 3999
4072 3855
4073 1967
4074 1967
4075 3999
4076 1967
4077 3999
4078 3999
4079 2047
4080 3855
4081 1967
4082 1967
4083 3999
4084 1967
4085 3999
4086 3999
4087 2047
4088 1967
4089 3999
4090 3999
4091 2047
4092 3999
4093 2047
4094 2047
4095 4095